%YAML:1.0
clip:
 path: /home/addam/src/recon/tracks/P2060056.AVI
 width: 640
 height: 480
 fov: 1.1453521002982021
 distortion: [-0.19075001776218414, 0.18270964920520782, 0.0]
 center-x: 320.0
 center-y: 240.0
camera:
 - frame: 1
   near: 5.760521697998048
   far: 22.177093505859375
   projection: !!opencv-matrix
    rows: 4
    cols: 4
    dt: f
    data: [ 1.746187686920166, 0.0, 4.480563975395313e-10, 4.1728503772945265e-19, 1.6061870421024696e-21, 2.3282506465911865, 6.776101901806442e-11, 6.310736669047216e-20, -4.033881215170787e-11, 0.0, -1.7017935514450073, -15.563739776611328, -2.3703703930233466e-11, 0.0, -1.0, -9.313225746154785e-10]
   position: !!opencv-matrix
    rows: 4
    cols: 1
    dt: f
    data: [ 0.0, 0.0, -9.313225746154785e-10, 1.0]
 - frame: 2
   near: 5.762067794799805
   far: 22.17641258239746
   projection: !!opencv-matrix
    rows: 4
    cols: 4
    dt: f
    data: [ 1.7461878061294556, -0.0003885267651639879, -0.0002849454467650503, -0.0013999751536175609, 0.0005178599385544658, 2.3282506465911865, -0.0010863691568374634, 0.006338770966976881, -0.0002779242058750242, -0.0007941328221932054, -1.7020771503448486, -15.568669319152832, -0.0001632853236515075, -0.000466566882096231, -1.0, 0.0005180012085475028]
   position: !!opencv-matrix
    rows: 4
    cols: 1
    dt: f
    data: [ 0.0008012112230062485, -0.0027224826626479626, 0.0005191406235098839, 1.0]
 - frame: 3
   near: 5.763019561767578
   far: 22.18075942993164
   projection: !!opencv-matrix
    rows: 4
    cols: 4
    dt: f
    data: [ 1.7461872100830078, -0.00028607170679606497, -0.001452833996154368, -0.006701210979372263, 0.00038099358789622784, 2.3282508850097656, -0.0005253442213870585, 0.009124703705310822, -0.0014161723665893078, -0.0003838165430352092, -1.7020472288131714, -15.570488929748535, -0.0008320402703247964, -0.00022550279390998185, -0.9999996423721313, 0.0008614679682068527]
   position: !!opencv-matrix
    rows: 4
    cols: 1
    dt: f
    data: [ 0.003837697207927704, -0.003919558133929968, 0.0008591590449213982, 1.0]
 - frame: 4
   near: 5.763957595825196
   far: 22.18320655822754
   projection: !!opencv-matrix
    rows: 4
    cols: 4
    dt: f
    data: [ 1.7461862564086914, -0.0011209816439077258, -0.0020558377727866173, -0.012362898327410221, 0.0014941033441573381, 2.3282501697540283, -0.00045907663297839463, 0.004510743077844381, -0.0020041437819600105, -0.0003343275748193264, -1.7020963430404663, -15.572427749633789, -0.001177455298602581, -0.00019642092229332775, -0.9999992847442627, 0.0013793742982670665]
   position: !!opencv-matrix
    rows: 4
    cols: 1
    dt: f
    data: [ 0.007080310955643654, -0.001941669499501586, 0.0013714199885725975, 1.0]
 - frame: 5
   near: 5.765393066406251
   far: 22.184078216552734
   projection: !!opencv-matrix
    rows: 4
    cols: 4
    dt: f
    data: [ 1.7461844682693481, -0.001307559316046536, -0.003166821086779237, -0.01507808081805706, 0.001741525949910283, 2.328249931335449, -0.001041934359818697, 0.006578316446393728, -0.0030877909157425165, -0.0007594979251734912, -1.7022937536239624, -15.577635765075684, -0.0018138971645385027, -0.00044616073137149215, -0.9999983310699463, 0.001272252295166254]
   position: !!opencv-matrix
    rows: 4
    cols: 1
    dt: f
    data: [ 0.008635034784674644, -0.002831330057233572, 0.001257854513823986, 1.0]
 - frame: 6
   near: 5.766004943847657
   far: 22.185897827148438
   projection: !!opencv-matrix
    rows: 4
    cols: 4
    dt: f
    data: [ 1.7461812496185303, -0.0025450726971030235, -0.0039619142189621925, -0.02027871645987034, 0.0033913548104465008, 2.3282477855682373, -0.0009184610680676997, 0.0013657198287546635, -0.0038633551448583603, -0.0006659117643721402, -1.702314853668213, -15.579517364501953, -0.0022694654762744904, -0.00039117911364883184, -0.9999973177909851, 0.001215590164065361]
   position: !!opencv-matrix
    rows: 4
    cols: 1
    dt: f
    data: [ 0.011614998802542686, -0.0006030362565070391, 0.0011894693598151207, 1.0]
 - frame: 7
   near: 5.764508438110352
   far: 22.179691314697266
   projection: !!opencv-matrix
    rows: 4
    cols: 4
    dt: f
    data: [ 1.7461782693862915, -0.003985369578003883, -0.00409076688811183, -0.02535095438361168, 0.005310296081006527, 2.328244209289551, -0.0015126756625249982, -0.00028708454919978976, -0.003990554250776768, -0.0010969155700877309, -1.7023334503173828, -15.580022811889648, -0.002344160107895732, -0.0006443580496124923, -0.9999970197677612, -0.0013916516909375787]
   position: !!opencv-matrix
    rows: 4
    cols: 1
    dt: f
    data: [ 0.014514829032123089, 8.927320595830679e-05, -0.0014257384464144707, 1.0]
 - frame: 8
   near: 5.763339614868165
   far: 22.17208480834961
   projection: !!opencv-matrix
    rows: 4
    cols: 4
    dt: f
    data: [ 1.7461780309677124, -0.0045384070836007595, -0.003684133756905794, -0.02976139262318611, 0.006045559886842966, 2.3282415866851807, -0.0026821820065379143, -0.0065242210403084755, -0.003596983151510358, -0.0019519369816407561, -1.7024669647216797, -15.581259727478027, -0.0021128004882484674, -0.0011465311981737614, -0.9999971985816956, -0.003522915067151189]
   position: !!opencv-matrix
    rows: 4
    cols: 1
    dt: f
    data: [ 0.017043378204107285, 0.002753851003944874, -0.00356209184974432, 1.0]
 - frame: 9
   near: 5.759622573852539
   far: 22.16240882873535
   projection: !!opencv-matrix
    rows: 4
    cols: 4
    dt: f
    data: [ 1.7461777925491333, -0.005094518885016441, -0.002980925841256976, -0.0323287770152092, 0.006787874735891819, 2.3282392024993896, -0.0028249367605894804, -0.008091757073998451, -0.0029119709506630898, -0.002056935802102089, -1.7022700309753418, -15.576796531677246, -0.0017106360755860806, -0.0012083461042493582, -0.9999978542327881, -0.007472303695976734]
   position: !!opencv-matrix
    rows: 4
    cols: 1
    dt: f
    data: [ 0.01851116120815277, 0.0034124047961086035, -0.007508109323680401, 1.0]
 - frame: 10
   near: 5.758307266235352
   far: 22.157766342163086
   projection: !!opencv-matrix
    rows: 4
    cols: 4
    dt: f
    data: [ 1.7461793422698975, -0.004537973087280989, -0.002969065448269248, -0.0433436818420887, 0.006045271642506123, 2.3282408714294434, -0.0031537977047264576, -0.01633414812386036, -0.002900347113609314, -0.0022983127273619175, -1.7022517919540405, -15.576465606689453, -0.0017038257792592049, -0.0013501570792868733, -0.9999976754188538, -0.009426578879356384]
   position: !!opencv-matrix
    rows: 4
    cols: 1
    dt: f
    data: [ 0.024823926389217377, 0.0069383662194013596, -0.00947826448827982, 1.0]
 - frame: 11
   near: 5.75556755065918
   far: 22.15315055847168
   projection: !!opencv-matrix
    rows: 4
    cols: 4
    dt: f
    data: [ 1.746177315711975, -0.00526719493791461, -0.0029186480678617954, -0.05166926980018616, 0.007018559146672487, 2.3282384872436523, -0.002615865785628557, -0.017558202147483826, -0.002850547432899475, -0.0019036680459976196, -1.7019984722137451, -15.572421073913574, -0.001674820319749415, -0.0011184875620529056, -0.9999979734420776, -0.012260129675269127]
   position: !!opencv-matrix
    rows: 4
    cols: 1
    dt: f
    data: [ 0.02959178201854229, 0.007438364438712597, -0.012318036518990993, 1.0]
 - frame: 12
   near: 5.755576324462891
   far: 22.150955200195312
   projection: !!opencv-matrix
    rows: 4
    cols: 4
    dt: f
    data: [ 1.746171236038208, -0.006422583479434252, -0.004069115966558456, -0.06531534343957901, 0.00855628214776516, 2.328233003616333, -0.0030801694374531507, -0.02344002015888691, -0.003974624443799257, -0.0022371995728462934, -1.7020914554595947, -15.576082229614258, -0.0023351332638412714, -0.001314378110691905, -0.9999964833259583, -0.014073343016207218]
   position: !!opencv-matrix
    rows: 4
    cols: 1
    dt: f
    data: [ 0.037408314645290375, 0.00991150178015232, -0.014173773117363453, 1.0]
 - frame: 13
   near: 5.754037857055664
   far: 22.14894676208496
   projection: !!opencv-matrix
    rows: 4
