%YAML:1.0
clip:
 path: tracks/P2060056.AVI
 width: 640
 height: 480
 fov: 1.1453521002982021
 distortion: [-0.19075001776218414, 0.18270964920520782, 0.0]
 center-x: 320.0
 center-y: 240.0
camera:
 - frame: 1
   near: 7.200652122497559
   far: 11.088546752929688
   projection: !!opencv-matrix
    rows: 4
    cols: 4
    dt: f
    data: [ -1.746187686920166, 0.0, -4.480563975395313e-10, -4.1728503772945265e-19, -1.6061870421024696e-21, -2.3282506465911865, -6.776101901806442e-11, -6.310736669047216e-20, -1.1150553397287766e-10, 0.0, -4.704139709472656, -41.073524475097656, -2.3703703930233466e-11, 0.0, -1.0, -9.313225746154785e-10]
   position: !!opencv-matrix
    rows: 4
    cols: 1
    dt: f
    data: [ 0.0, 0.0, -9.313225746154785e-10, 1.0]
 - frame: 2
   near: 7.199237823486328
   far: 11.089405059814453
   projection: !!opencv-matrix
    rows: 4
    cols: 4
    dt: f
    data: [ -1.7461878061294556, 0.0003885267651639879, 0.0002849454467650503, 0.0013999751536175609, -0.0005178599385544658, -2.3282506465911865, 0.0010863691568374634, -0.006338770966976881, -0.0007676449022255838, -0.002193446969613433, -4.701248645782471, -41.04220962524414, -0.0001632853236515075, -0.000466566882096231, -1.0, 0.0005180012085475028]
   position: !!opencv-matrix
    rows: 4
    cols: 1
    dt: f
    data: [ 0.0008012112230062485, -0.0027224826626479626, 0.0005191406235098839, 1.0]
 - frame: 3
   near: 7.1983866691589355
   far: 11.087568283081055
   projection: !!opencv-matrix
    rows: 4
    cols: 4
    dt: f
    data: [ -1.7461872100830078, 0.00028607170679606497, 0.001452833996154368, 0.006701210979372263, -0.00038099358789622784, -2.3282508850097656, 0.0005253442213870585, -0.009124703705310822, -0.00391204422339797, -0.0010602575493976474, -4.701746940612793, -41.03934097290039, -0.0008320402703247964, -0.00022550279390998185, -0.9999996423721313, 0.0008614679682068527]
   position: !!opencv-matrix
    rows: 4
    cols: 1
    dt: f
    data: [ 0.003837697207927704, -0.003919558133929968, 0.0008591590449213982, 1.0]
 - frame: 4
   near: 7.19772481918335
   far: 11.086856842041016
   projection: !!opencv-matrix
    rows: 4
    cols: 4
    dt: f
    data: [ -1.7461862564086914, 0.0011209816439077258, 0.0020558377727866173, 0.012362898327410221, -0.0014941033441573381, -2.3282501697540283, 0.00045907663297839463, -0.004510743077844381, -0.005535753909498453, -0.0009234642493538558, -4.701452255249023, -41.03102493286133, -0.001177455298602581, -0.00019642092229332775, -0.9999992847442627, 0.0013793742982670665]
   position: !!opencv-matrix
    rows: 4
    cols: 1
    dt: f
    data: [ 0.007080310955643654, -0.001941669499501586, 0.0013714199885725975, 1.0]
 - frame: 5
   near: 7.1958088874816895
   far: 11.086294174194336
   projection: !!opencv-matrix
    rows: 4
    cols: 4
    dt: f
    data: [ -1.7461844682693481, 0.001307559316046536, 0.003166821086779237, 0.01507808081805706, -0.001741525949910283, -2.328249931335449, 0.001041934359818697, -0.006578316446393728, -0.008523834869265556, -0.002096590818837285, -4.6991753578186035, -41.00425720214844, -0.0018138971645385027, -0.00044616073137149215, -0.9999983310699463, 0.001272252295166254]
   position: !!opencv-matrix
    rows: 4
    cols: 1
    dt: f
    data: [ 0.008635034784674644, -0.002831330057233572, 0.001257854513823986, 1.0]
 - frame: 6
   near: 7.194968223571777
   far: 11.085310935974121
   projection: !!opencv-matrix
    rows: 4
    cols: 4
    dt: f
    data: [ -1.7461812496185303, 0.0025450726971030235, 0.0039619142189621925, 0.02027871645987034, -0.0033913548104465008, -2.3282477855682373, 0.0009184610680676997, -0.0013657198287546635, -0.010663960129022598, -0.001838106196373701, -4.698873996734619, -40.997596740722656, -0.0022694654762744904, -0.00039117911364883184, -0.9999973177909851, 0.001215590164065361]
   position: !!opencv-matrix
    rows: 4
    cols: 1
    dt: f
    data: [ 0.011614998802542686, -0.0006030362565070391, 0.0011894693598151207, 1.0]
 - frame: 7
   near: 7.194224834442139
   far: 11.08580493927002
   projection: !!opencv-matrix
    rows: 4
    cols: 4
    dt: f
    data: [ -1.7461782693862915, 0.003985369578003883, 0.00409076688811183, 0.02535095438361168, -0.005310296081006527, -2.328244209289551, 0.0015126756625249982, 0.00028708454919978976, -0.011011290363967419, -0.003026761580258608, -4.697314739227295, -40.99440002441406, -0.002344160107895732, -0.0006443580496124923, -0.9999970197677612, -0.0013916516909375787]
   position: !!opencv-matrix
    rows: 4
    cols: 1
    dt: f
    data: [ 0.014514829032123089, 8.927320595830679e-05, -0.0014257384464144707, 1.0]
 - frame: 8
   near: 7.193560600280762
   far: 11.087484359741211
   projection: !!opencv-matrix
    rows: 4
    cols: 4
    dt: f
    data: [ -1.7461780309677124, 0.0045384070836007595, 0.003684133756905794, 0.02976139262318611, -0.006045559886842966, -2.3282415866851807, 0.0026821820065379143, 0.0065242210403084755, -0.00991909485310316, -0.005382691044360399, -4.694748401641846, -40.982154846191406, -0.0021128004882484674, -0.0011465311981737614, -0.9999971985816956, -0.003522915067151189]
   position: !!opencv-matrix
    rows: 4
    cols: 1
    dt: f
    data: [ 0.017043378204107285, 0.002753851003944874, -0.00356209184974432, 1.0]
 - frame: 9
   near: 7.194269180297852
   far: 11.088387489318848
   projection: !!opencv-matrix
    rows: 4
    cols: 4
    dt: f
    data: [ -1.7461777925491333, 0.005094518885016441, 0.002980925841256976, 0.0323287770152092, -0.006787874735891819, -2.3282392024993896, 0.0028249367605894804, 0.008091757073998451, -0.008031335659325123, -0.0056731137447059155, -4.6949310302734375, -41.00602340698242, -0.0017106360755860806, -0.0012083461042493582, -0.9999978542327881, -0.007472303695976734]
   position: !!opencv-matrix
    rows: 4
    cols: 1
    dt: f
    data: [ 0.01851116120815277, 0.0034124047961086035, -0.007508109323680401, 1.0]
 - frame: 10
   near: 7.193957328796387
   far: 11.088748931884766
   projection: !!opencv-matrix
    rows: 4
    cols: 4
    dt: f
    data: [ -1.7461793422698975, 0.004537973087280989, 0.002969065448269248, 0.0433436818420887, -0.006045271642506123, -2.3282408714294434, 0.0031537977047264576, 0.01633414812386036, -0.007998000830411911, -0.006337829399853945, -4.694131374359131, -41.007667541503906, -0.0017038257792592049, -0.0013501570792868733, -0.9999976754188538, -0.009426578879356384]
   position: !!opencv-matrix
    rows: 4
    cols: 1
    dt: f
    data: [ 0.024823926389217377, 0.0069383662194013596, -0.00947826448827982, 1.0]
 - frame: 11
   near: 7.194550514221191
   far: 11.088231086730957
   projection: !!opencv-matrix
    rows: 4
    cols: 4
    dt: f
    data: [ -1.746177315711975, 0.00526719493791461, 0.0029186480678617954, 0.05166926980018616, -0.007018559146672487, -2.3282384872436523, 0.002615865785628557, 0.017558202147483826, -0.007864121347665787, -0.0052518597804009914, -4.695491790771484, -41.03413772583008, -0.001674820319749415, -0.0011184875620529056, -0.9999979734420776, -0.012260129675269127]
   position: !!opencv-matrix
    rows: 4
    cols: 1
    dt: f
    data: [ 0.02959178201854229, 0.007438364438712597, -0.012318036518990993, 1.0]
 - frame: 12
   near: 7.192700386047363
   far: 11.087494850158691
   projection: !!opencv-matrix
    rows: 4
    cols: 4
    dt: f
    data: [ -1.746171236038208, 0.006422583479434252, 0.004069115966558456, 0.06531534343957901, -0.00855628214776516, -2.328233003616333, 0.0030801694374531507, 0.02344002015888691, -0.010959934443235397, -0.006169026251882315, -4.693477630615234, -41.01765060424805, -0.0023351332638412714, -0.001314378110691905, -0.9999964833259583, -0.014073343016207218]
   position: !!opencv-matrix
    rows: 4
    cols: 1
    dt: f
    data: [ 0.037408314645290375, 0.00991150178015232, -0.014173773117363453, 1.0]
 - frame: 13
   near: 7.1929612159729
   far: 11.086844444274902
   projection: !!opencv-matrix
    rows: 4
    cols: 4
    dt: f
