%YAML:1.0
clip:
 path: koule-perlin.mkv
 width: 640
 height: 480
 fov: 0.9142857142857143
 distortion: [0.0, 0.0, 0.0]
 center-x: 320.0
 center-y: 240.0
camera:
 - frame: 1
   near: 0.8673303604125977
   far: 3.911972761154175
   projection: !!opencv-matrix
    rows: 4
    cols: 4
    dt: f
    data: [ 2.1875, 0.0, 0.0, 0.0, 0.0, 2.9166667461395264, 0.0, 0.0, 0.0, 0.0, -1.56974196434021, -2.2288153171539307, 0.0, 0.0, -1.0, 0.0]
   position: !!opencv-matrix
    rows: 4
    cols: 1
    dt: f
    data: [ 0.0, 0.0, 0.0, 1.0]
 - frame: 2
   near: 0.8670798301696778
   far: 3.9104409217834473
   projection: !!opencv-matrix
    rows: 4
    cols: 4
    dt: f
    data: [ 2.187455415725708, 0.009418432600796223, -0.010332348756492138, -0.01484846230596304, -0.012585394084453583, 2.9166340827941895, -0.005811048671603203, -0.008758008480072021, -0.0074012321420013905, -0.0031595020554959774, -1.5697966814041138, -2.2286300659179688, -0.0047147092409431934, -0.0020126558374613523, -0.9999868869781494, -0.00025062478380277753]
   position: !!opencv-matrix
    rows: 4
    cols: 1
    dt: f
    data: [ 0.006773591041564941, 0.003031432628631592, -0.0002886652946472168, 1.0]
 - frame: 3
   near: 0.8667123794555665
   far: 3.9069085121154785
   projection: !!opencv-matrix
    rows: 4
    cols: 4
    dt: f
    data: [ 2.1868927478790283, 0.03885507956147194, -0.03386417403817177, -0.050020698457956314, -0.05215751379728317, 2.9161150455474854, -0.0223686546087265, -0.03420799598097801, -0.02408895455300808, -0.012473294511437416, -1.5699344873428345, -2.228455066680908, -0.015341633930802345, -0.007943919859826565, -0.9998508095741272, -0.0005464718560688198]
   position: !!opencv-matrix
    rows: 4
    cols: 1
    dt: f
    data: [ 0.022642135620117188, 0.012128055095672607, -0.0009903311729431152, 1.0]
 - frame: 4
   near: 0.8661579132080078
   far: 3.900272846221924
   projection: !!opencv-matrix
    rows: 4
    cols: 4
    dt: f
    data: [ 2.1842501163482666, 0.09017342329025269, -0.07795816659927368, -0.11489806324243546, -0.12201817333698273, 2.913710117340088, -0.04848247766494751, -0.07414738833904266, -0.05485217645764351, -0.02841637097299099, -1.5697309970855713, -2.2276015281677246, -0.034916654229164124, -0.018088700249791145, -0.9992265701293945, -0.0004814667336177081]
   position: !!opencv-matrix
    rows: 4
    cols: 1
    dt: f
    data: [ 0.051366448402404785, 0.027552664279937744, -0.00277554988861084, 1.0]
 - frame: 5
   near: 0.8656735420227051
   far: 3.890843629837036
   projection: !!opencv-matrix
    rows: 4
    cols: 4
    dt: f
    data: [ 2.177011728286743, 0.16123183071613312, -0.14064492285251617, -0.2076081782579422, -0.22021283209323883, 2.9073562622070312, -0.07571088522672653, -0.11740479618310928, -0.09776066988706589, -0.04825088381767273, -1.5685298442840576, -2.2253706455230713, -0.062176305800676346, -0.030687818303704262, -0.9975932836532593, 0.0008990262285806239]
   position: !!opencv-matrix
    rows: 4
    cols: 1
    dt: f
    data: [ 0.09146827459335327, 0.04714733362197876, -0.00625002384185791, 1.0]
 - frame: 6
   near: 0.8654751777648926
   far: 3.8767852783203125
   projection: !!opencv-matrix
    rows: 4
    cols: 4
    dt: f
    data: [ 2.1609339714050293, 0.25483134388923645, -0.22490467131137848, -0.33228442072868347, -0.3522566556930542, 2.893369197845459, -0.10618964582681656, -0.16566886007785797, -0.15393978357315063, -0.07619404792785645, -1.565421223640442, -2.22102689743042, -0.0977509394288063, -0.04838281497359276, -0.9940341114997864, 0.004707022104412317]
   position: !!opencv-matrix
    rows: 4
    cols: 1
    dt: f
    data: [ 0.14365673065185547, 0.07427042722702026, -0.01300656795501709, 1.0]
 - frame: 7
   near: 0.866129207611084
   far: 3.8583552837371826
   projection: !!opencv-matrix
    rows: 4
    cols: 4
    dt: f
    data: [ 2.1311750411987305, 0.36722221970558167, -0.32923823595046997, -0.4872519075870514, -0.5141797065734863, 2.8680715560913086, -0.12935268878936768, -0.20374666154384613, -0.22192688286304474, -0.11011504381895065, -1.5593624114990234, -2.2135958671569824, -0.14055615663528442, -0.06974074989557266, -0.9876134991645813, 0.012718599289655685]
   position: !!opencv-matrix
    rows: 4
    cols: 1
    dt: f
    data: [ 0.20648109912872314, 0.10697174072265625, -0.024061918258666992, 1.0]
 - frame: 8
   near: 0.8679111480712891
   far: 3.834669589996338
   projection: !!opencv-matrix
    rows: 4
    cols: 4
    dt: f
    data: [ 2.0825231075286865, 0.49556052684783936, -0.4501936435699463, -0.6685486435890198, -0.7029673457145691, 2.827237844467163, -0.13966989517211914, -0.2230292409658432, -0.2990182042121887, -0.15088599920272827, -1.5493007898330688, -2.2021613121032715, -0.18864424526691437, -0.09519077837467194, -0.9774210453033447, 0.026161037385463715]
   position: !!opencv-matrix
    rows: 4
    cols: 1
    dt: f
    data: [ 0.27746081352233887, 0.1458491086959839, -0.04098933935165405, 1.0]
 - frame: 9
   near: 0.8713784217834473
   far: 3.8052303791046143
   projection: !!opencv-matrix
    rows: 4
    cols: 4
    dt: f
    data: [ 2.0089313983917236, 0.6350418329238892, -0.588279664516449, -0.8766610622406006, -0.9115809202194214, 2.7677204608917236, -0.12525519728660583, -0.20609335601329803, -0.3869114816188812, -0.19684545695781708, -1.5337666273117065, -2.1851303577423096, -0.2427273690700531, -0.12349021434783936, -0.9622023701667786, 0.04720136150717735]
   position: !!opencv-matrix
    rows: 4
    cols: 1
    dt: f
    data: [ 0.3574174642562866, 0.18922340869903564, -0.06539255380630493, 1.0]
 - frame: 10
   near: 0.8760759353637696
   far: 3.767683744430542
   projection: !!opencv-matrix
    rows: 4
    cols: 4
    dt: f
    data: [ 1.9045209884643555, 0.7803066968917847, -0.7409982681274414, -1.1073342561721802, -1.1314260959625244, 2.687133550643921, -0.07832266390323639, -0.14097243547439575, -0.48580604791641235, -0.24857372045516968, -1.5103838443756104, -2.1585288047790527, -0.3025050163269043, -0.15478357672691345, -0.9404960870742798, 0.07750950008630753]
   position: !!opencv-matrix
    rows: 4
    cols: 1
    dt: f
    data: [ 0.4454232454299927, 0.23709779977798462, -0.09987509250640869, 1.0]
 - frame: 11
   near: 0.8752461433410645
   far: 3.724863052368164
   projection: !!opencv-matrix
    rows: 4
    cols: 4
    dt: f
    data: [ 1.7667475938796997, 0.9258851408958435, -0.8980515003204346, -1.3469310998916626, -1.3521745204925537, 2.584289312362671, 0.004235562402755022, -0.02158171683549881, -0.5881965756416321, -0.305348664522171, -1.4719783067703247, -2.0958147048950195, -0.3643684983253479, -0.1891534924507141, -0.9118423461914062, 0.11914404481649399]
   position: !!opencv-matrix
    rows: 4
    cols: 1
    dt: f
    data: [ 0.5372879505157471, 0.2897118330001831, -0.14413321018218994, 1.0]
 - frame: 12
   near: 0.8641111373901368
   far: 3.672750473022461
   projection: !!opencv-matrix
    rows: 4
    cols: 4
    dt: f
    data: [ 1.5946217775344849, 1.064430594444275, -1.0532454252243042, -1.5856486558914185, -1.5584279298782349, 2.462047815322876, 0.12872163951396942, 0.16071371734142303, -0.6912133693695068, -0.36359918117523193, -1.4139626026153564, -1.9825568199157715, -0.4279101490974426, -0.22509370744228363, -0.8753432035446167, 0.17171387374401093]
   position: !!opencv-matrix
    rows: 4
    cols: 1
    dt: f
    data: [ 0.6313269138336182, 0.34485697746276855, -0.2011353075504303, 1.0]
 - frame: 13
   near: 0.8556777954101563
   far: 3.6155853271484375
   projection: !!opencv-matrix
    rows: 4
    cols: 4
    dt: f
    data: [ 1.392289400100708, 1.1895421743392944, -1.1965267658233643, -1.8086401224136353, -1.7349724769592285, 2.3260653018951416, 0.29365745186805725, 0.4043061435222626, -0.7954161167144775, -0.4233100116252899, -1.346392035484314, -1.8580589294433594, -0.49097421765327454, -0.261290043592453, -0.8310666084289551, 0.23695357143878937]
   position: !!opencv-matrix
    rows: 4
    cols: 1
    dt: f
