%YAML:1.0
clip:
 path: zatisi.avi
 width: 640
 height: 480
 fov: 0.9185899570472212
 distortion: [-0.050051428377628326, -0.04818706959486008, 0.0]
 center-x: 320.0
 center-y: 240.0
camera:
 - frame: 1
   near: 1.852363395690918
   far: 7.700932025909424
   projection: !!opencv-matrix
    rows: 4
    cols: 4
    dt: f
    data: [ 2.1772499084472656, 0.0, 0.0, 0.0, 0.0, 2.9030001163482666, 0.0, 0.0, 0.0, 0.0, -1.6334415674209595, -4.878090858459473, 0.0, 0.0, -1.0, 0.0]
   position: !!opencv-matrix
    rows: 4
    cols: 1
    dt: f
    data: [ 0.0, 0.0, 0.0, 1.0]
 - frame: 2
   near: 1.849990463256836
   far: 7.704033851623535
   projection: !!opencv-matrix
    rows: 4
    cols: 4
    dt: f
    data: [ 2.1772468090057373, -9.700385817268398e-06, 0.003676746506243944, -0.0028468426316976547, 5.261537808110006e-06, 2.902996778488159, 0.004540253896266222, 0.0008700391626916826, 0.0027560624293982983, 0.0025524753145873547, -1.632034182548523, -4.870118618011475, 0.0016887239180505276, 0.0015639798948541284, -0.9999973773956299, -0.0005347254918888211]
   position: !!opencv-matrix
    rows: 4
    cols: 1
    dt: f
    data: [ 0.001308441162109375, -0.00029887259006500244, -0.000532984733581543, 1.0]
 - frame: 3
   near: 1.8526351928710938
   far: 7.6988091468811035
   projection: !!opencv-matrix
    rows: 4
    cols: 4
    dt: f
    data: [ 2.177248954772949, 0.001749505870975554, -0.0013038536999374628, -0.004270268138498068, -0.002333356998860836, 2.902998685836792, -0.0011291097616776824, -0.0004623937711585313, -0.0009778663516044617, -0.0006362504209391773, -1.6337937116622925, -4.880144119262695, -0.0005985248717479408, -0.0003894312249030918, -0.9999997615814209, -0.00041899498319253325]
   position: !!opencv-matrix
    rows: 4
    cols: 1
    dt: f
    data: [ 0.001960933208465576, 0.00016069412231445312, -0.0004202313721179962, 1.0]
 - frame: 4
   near: 1.8541513442993165
   far: 7.697616100311279
   projection: !!opencv-matrix
    rows: 4
    cols: 4
    dt: f
    data: [ 2.177245616912842, 0.0010568721918389201, -0.004255190491676331, -0.002538283122703433, -0.0014131991192698479, 2.90299916267395, -0.0020661570597440004, 0.0023017998319119215, -0.0031940198969095945, -0.0011649663792923093, -1.6346032619476318, -4.884793281555176, -0.001953998813405633, -0.0007126890122890472, -0.9999977946281433, 0.00010192832269240171]
   position: !!opencv-matrix
    rows: 4
    cols: 1
    dt: f
    data: [ 0.0011664032936096191, -0.0007922649383544922, 0.00010021403431892395, 1.0]
 - frame: 5
   near: 1.8534303665161134
   far: 7.699665546417236
   projection: !!opencv-matrix
    rows: 4
    cols: 4
    dt: f
    data: [ 2.1772477626800537, 0.0008362882072106004, -0.0031456046272069216, -0.00771130109205842, -0.001114135142415762, 2.9029998779296875, 0.0006321725086309016, 0.0004966999986208975, -0.002360912039875984, 0.00035492327879182994, -1.634057641029358, -4.881704330444336, -0.0014448140282183886, 0.0002172034146497026, -0.999998927116394, 0.0002089091285597533]
   position: !!opencv-matrix
    rows: 4
    cols: 1
    dt: f
    data: [ 0.0035421252250671387, -0.0001697838306427002, 0.0002037547528743744, 1.0]
 - frame: 6
   near: 1.8542652130126953
   far: 7.700751781463623
   projection: !!opencv-matrix
    rows: 4
    cols: 4
    dt: f
    data: [ 2.177245855331421, 0.0010458491742610931, -0.0040743909776210785, -0.010145346634089947, -0.0013925657840445638, 2.9029998779296875, 0.0010116781340911984, -0.0003466799680609256, -0.0030585972126573324, 0.0005680626491084695, -1.634314775466919, -4.883152008056641, -0.0018714825855568051, 0.0003475839621387422, -0.9999982118606567, 0.0009617134928703308]
   position: !!opencv-matrix
    rows: 4
    cols: 1
    dt: f
    data: [ 0.004661440849304199, 0.00012132525444030762, 0.0009530335664749146, 1.0]
 - frame: 7
   near: 1.8564851760864258
   far: 7.698248386383057
   projection: !!opencv-matrix
    rows: 4
    cols: 4
    dt: f
    data: [ 2.177237033843994, 0.001344230491667986, -0.007389092817902565, -0.006573765072971582, -0.0018023141892626882, 2.902998208999634, -0.002947681350633502, -0.0037641674280166626, -0.0055497740395367146, -0.001664200914092362, -1.6355805397033691, -4.890337944030762, -0.00339313130825758, -0.001017492264509201, -0.9999938011169434, 0.0015881313011050224]
   position: !!opencv-matrix
    rows: 4
    cols: 1
    dt: f
    data: [ 0.003023862838745117, 0.001300126314163208, 0.0015765577554702759, 1.0]
 - frame: 8
   near: 1.8563982009887696
   far: 7.697915554046631
   projection: !!opencv-matrix
    rows: 4
    cols: 4
    dt: f
    data: [ 2.1772358417510986, 0.0005790480645373464, -0.0077857524156570435, -0.007492510136216879, -0.0007807058282196522, 2.90299916267395, -0.0024166693910956383, 0.0008791610016487539, -0.0058484161272645, -0.001363157294690609, -1.635576605796814, -4.890354633331299, -0.003575727576389909, -0.0008334357989951968, -0.9999932050704956, 0.0014340102206915617]
   position: !!opencv-matrix
    rows: 4
    cols: 1
    dt: f
    data: [ 0.0034464597702026367, -0.0003007352352142334, 0.001421947032213211, 1.0]
 - frame: 9
   near: 1.856044387817383
   far: 7.698136806488037
   projection: !!opencv-matrix
    rows: 4
    cols: 4
    dt: f
    data: [ 2.1772379875183105, -0.0007647844613529742, -0.0072187334299087524, -0.011332189664244652, 0.0010128599824383855, 2.90299916267395, -0.0020681857131421566, 0.0013155607739463449, -0.005422608461230993, -0.0011632158420979977, -1.6353946924209595, -4.889316082000732, -0.0033157607540488243, -0.0007112712482921779, -0.9999942779541016, 0.0012904541799798608]
   position: !!opencv-matrix
    rows: 4
    cols: 1
    dt: f
    data: [ 0.005208909511566162, -0.00045408308506011963, 0.001273512840270996, 1.0]
 - frame: 10
   near: 1.8558460235595704
   far: 7.698675155639648
   projection: !!opencv-matrix
    rows: 4
    cols: 4
    dt: f
    data: [ 2.1772401332855225, -0.0012151120463386178, -0.006467344239354134, -0.008026901632547379, 0.0016138892387971282, 2.902998924255371, -0.0021100009325891733, 0.004022861365228891, -0.00485805282369256, -0.0011858599027618766, -1.6352484226226807, -4.888451099395752, -0.002970820991322398, -0.0007251830538734794, -0.9999954104423523, 0.0013319513527676463]
   position: !!opencv-matrix
    rows: 4
    cols: 1
    dt: f
    data: [ 0.003689885139465332, -0.0013868510723114014, 0.0013220012187957764, 1.0]
 - frame: 11
   near: 1.856661605834961
   far: 7.695985794067383
   projection: !!opencv-matrix
    rows: 4
    cols: 4
    dt: f
    data: [ 2.1772305965423584, -0.0017168731428682804, -0.008998872712254524, -0.011921720579266548, 0.002274946076795459, 2.9029972553253174, -0.003445357084274292, 0.006716778967529535, -0.0067629762925207615, -0.001936237677000463, -1.6359014511108398, -4.892256736755371, -0.00413405941799283, -0.0011835796758532524, -0.9999907612800598, 0.0010687991743907332]
   position: !!opencv-matrix
    rows: 4
    cols: 1
    dt: f
    data: [ 0.0054781436920166016, -0.002316787838935852, 0.001048903912305832, 1.0]
 - frame: 12
   near: 1.8570749282836916
   far: 7.6939191818237305
   projection: !!opencv-matrix
    rows: 4
    cols: 4
    dt: f
    data: [ 2.177220582962036, -0.0019290563650429249, -0.011161035858094692, -0.016394691541790962, 0.002554320264607668, 2.902996778488159, -0.003471061587333679, 0.007693770807236433, -0.008389869704842567, -0.0019491307903081179, -1.636305809020996, -4.89467191696167, -0.005127253010869026, -0.0011911611072719097, -0.9999861717224121, 0.000725473219063133]
   position: !!opencv-matrix
    rows: 4
    cols: 1
    dt: f
    data: [ 0.007531285285949707, -0.002656087279319763, 0.0006900317966938019, 1.0]
 - frame: 13
   near: 1.8562503814697267
   far: 7.695913314819336
   projection: !!opencv-matrix
    rows: 4
    cols: 4
    dt: f
