%YAML:1.0
clip:
 path: tracks/zatisi.avi
 width: 640
 height: 480
 fov: 0.9224771666531437
 distortion: [-0.008316333405673504, -0.16013330221176147, 0.0]
 center-x: 320.0
 center-y: 240.0
camera:
 - frame: 1
   near: 20.121042251586914
   far: 33.42409896850586
   projection: !!opencv-matrix
    rows: 4
    cols: 4
    dt: f
    data: [ -2.1680753231048584, -1.261986071199317e-10, 1.0081099149905626e-10, 0.0, 0.0, -2.8907673358917236, 0.0, 0.0, 1.8715530514246126e-10, 9.371493581156187e-10, -4.025025844573975, -101.10874938964844, 4.649792009758791e-11, 2.3283067140944524e-10, -1.0000001192092896, 0.0]
   position: !!opencv-matrix
    rows: 4
    cols: 1
    dt: f
    data: [ 0.0, 0.0, 0.0, 1.0]
 - frame: 2
   near: 20.145103454589844
   far: 33.40331268310547
   projection: !!opencv-matrix
    rows: 4
    cols: 4
    dt: f
    data: [ -2.1680705547332764, -0.0002846205316018313, -0.004475455731153488, 0.002992360619828105, 0.0003890541847795248, -2.890763759613037, -0.004631214775145054, -0.011600847356021404, 0.008336429484188557, 0.00647169491276145, -4.03887414932251, -101.5403060913086, 0.002064041094854474, 0.0016023459611460567, -0.9999966621398926, -0.007774018682539463]
   position: !!opencv-matrix
    rows: 4
    cols: 1
    dt: f
    data: [ 0.001396775245666504, -0.004000425338745117, -0.007777571678161621, 1.0]
 - frame: 3
   near: 20.118501663208008
   far: 33.42626953125
   projection: !!opencv-matrix
    rows: 4
    cols: 4
    dt: f
    data: [ -2.168074369430542, -0.0018952799728140235, 0.0004724897153209895, 0.015917876735329628, 0.0025271447375416756, -2.890766143798828, 0.0004839012981392443, -0.011264274828135967, -0.0008762598736211658, -0.0006742940749973059, -4.0235724449157715, -101.08370208740234, -0.00021778156224172562, -0.00016758590936660767, -1.0, -0.004210835788398981]
   position: !!opencv-matrix
    rows: 4
    cols: 1
    dt: f
    data: [ 0.007344424724578857, -0.0038909241557121277, -0.004211783409118652, 1.0]
 - frame: 4
   near: 20.102935791015625
   far: 33.43900680541992
   projection: !!opencv-matrix
    rows: 4
    cols: 4
    dt: f
    data: [ -2.1680712699890137, -0.00133233773522079, 0.00396076962351799, 0.013934357091784477, 0.0017806594260036945, -2.890765905380249, 0.002303000772371888, -0.015384331345558167, -0.007332544308155775, -0.003203017869964242, -4.014813423156738, -100.82246398925781, -0.0018263687379658222, -0.0007977983332239091, -0.9999979734420776, -0.0024486619513481855]
   position: !!opencv-matrix
    rows: 4
    cols: 1
    dt: f
    data: [ 0.0064258575439453125, -0.0053198859095573425, -0.002456158399581909, 1.0]
 - frame: 5
   near: 20.113847732543945
   far: 33.42927551269531
   projection: !!opencv-matrix
    rows: 4
    cols: 4
    dt: f
    data: [ -2.1680734157562256, -0.0010009974939748645, 0.0025025391951203346, 0.05010144039988518, 0.0013336772099137306, -2.8907668590545654, -0.0008546669268980622, -0.010215678252279758, -0.004642006009817123, 0.0011867211433127522, -4.021131992340088, -100.99288940429688, -0.0011544021544978023, 0.00029512098990380764, -0.9999994039535522, 0.00035938876681029797]
   position: !!opencv-matrix
    rows: 4
    cols: 1
    dt: f
    data: [ 0.02311074733734131, -0.0035233348608016968, 0.00033167004585266113, 1.0]
 - frame: 6
   near: 20.11223793029785
   far: 33.43022918701172
   projection: !!opencv-matrix
    rows: 4
    cols: 4
    dt: f
    data: [ -2.168072462081909, -0.0011777071049436927, 0.003281740704551339, 0.06762957572937012, 0.001568053849041462, -2.8907666206359863, -0.0014687379589304328, -0.009443141520023346, -0.0060865129344165325, 0.0020393324084579945, -4.020305633544922, -100.94474792480469, -0.0015139408642426133, 0.0005072574131190777, -0.9999987483024597, 0.00620288448408246]
   position: !!opencv-matrix
    rows: 4
    cols: 1
    dt: f
    data: [ 0.03120449185371399, -0.003252856433391571, 0.006154000759124756, 1.0]
 - frame: 7
   near: 20.093660354614258
   far: 33.445884704589844
   projection: !!opencv-matrix
    rows: 4
    cols: 4
    dt: f
    data: [ -2.1680643558502197, -0.0012634998420253396, 0.00678847124800086, 0.04439951106905937, 0.001690737553872168, -2.890766143798828, 0.001936833024956286, 0.009124004282057285, -0.012553473934531212, -0.0026939117815345526, -4.009764194488525, -100.61307525634766, -0.00313071021810174, -0.0006718345102854073, -0.9999948740005493, 0.012927552685141563]
   position: !!opencv-matrix
    rows: 4
    cols: 1
    dt: f
    data: [ 0.020517289638519287, 0.003176875412464142, 0.012861251831054688, 1.0]
 - frame: 8
   near: 20.091968536376953
   far: 33.44724655151367
   projection: !!opencv-matrix
    rows: 4
    cols: 4
    dt: f
    data: [ -2.1680634021759033, -0.0007731555378995836, 0.0071732173673808575, 0.04937444627285004, 0.0010378934675827622, -2.890766143798828, 0.0021200994960963726, -0.01507787685841322, -0.013262457214295864, -0.0029448464047163725, -4.008820056915283, -100.59671783447266, -0.0033083006273955107, -0.0007345876074396074, -0.9999942779541016, 0.01017814502120018]
   position: !!opencv-matrix
    rows: 4
    cols: 1
    dt: f
    data: [ 0.022808820009231567, -0.005200274288654327, 0.010106563568115234, 1.0]
 - frame: 9
   near: 20.09818458557129
   far: 33.44218826293945
   projection: !!opencv-matrix
    rows: 4
    cols: 4
    dt: f
    data: [ -2.168067455291748, 0.000383103295462206, 0.005820951424539089, 0.062467060983181, -0.0005072395433671772, -2.8907668590545654, 0.0013284743763506413, -0.02910124696791172, -0.01077277772128582, -0.0018419945845380425, -4.012301921844482, -100.70323944091797, -0.0026849268469959497, -0.0004590849857777357, -0.9999962449073792, 0.008781238459050655]
   position: !!opencv-matrix
    rows: 4
    cols: 1
    dt: f
    data: [ 0.02883392572402954, -0.010068021714687347, 0.008708477020263672, 1.0]
 - frame: 10
   near: 20.093782424926758
   far: 33.44607162475586
   projection: !!opencv-matrix
    rows: 4
    cols: 4
    dt: f
    data: [ -2.1680655479431152, 0.0009724828996695578, 0.006428817752748728, 0.06855279952287674, -0.001289059524424374, -2.890765905380249, 0.002559524727985263, -0.02471213974058628, -0.011891478672623634, -0.003545003477483988, -4.009768962860107, -100.63502502441406, -0.0029656123369932175, -0.0008840874070301652, -0.9999951720237732, 0.0076234107837080956]
   position: !!opencv-matrix
    rows: 4
    cols: 1
    dt: f
    data: [ 0.03163784742355347, -0.008556082844734192, 0.007537186145782471, 1.0]
 - frame: 11
   near: 20.08637237548828
   far: 33.45182418823242
   projection: !!opencv-matrix
    rows: 4
    cols: 4
    dt: f
    data: [ -2.1680586338043213, 0.001612130319699645, 0.008331785909831524, 0.08722589164972305, -0.0021382274571806192, -2.8907651901245117, 0.002938993275165558, -0.06946271657943726, -0.015396741218864918, -0.004061123821884394, -4.005683422088623, -100.51468658447266, -0.003843693295493722, -0.0010138323996216059, -0.9999920725822449, 0.007982408627867699]
   position: !!opencv-matrix
    rows: 4
    cols: 1
    dt: f
    data: [ 0.04024454951286316, -0.024050965905189514, 0.007852166891098022, 1.0]
 - frame: 12
   near: 20.07633399963379
   far: 33.45960235595703
   projection: !!opencv-matrix
    rows: 4
    cols: 4
    dt: f
    data: [ -2.1680474281311035, 0.0018363073468208313, 0.010852238163352013, 0.13499751687049866, -0.0024306615814566612, -2.890763998031616, 0.003551526926457882, -0.06563031673431396, -0.020027093589305878, -0.004897667095065117, -4.000161170959473, -100.37055206298828, -0.0050065056420862675, -0.0012243512319400907, -0.9999867677688599, 0.0038520614616572857]
   position: !!opencv-matrix
    rows: 4
    cols: 1
    dt: f
    data: [ 0.06226545572280884, -0.022751420736312866, 0.0035682320594787598, 1.0]
 - frame: 13
   near: 20.085525512695312
   far: 33.45257568359375
   projection: !!opencv-matrix
    rows: 4
    cols: 4
    dt: f
